1;24/04/2019;09:15;-52.65729275,-63.92756524;0,40
1;24/04/2019;08:15;-52.65729275,-63.92756524;0,57
1;24/04/2019;18:15;-52.65729275,-63.92756524;7,57
1;24/04/2019;13:15;-52.65729275,-63.92756524;8,57
1;24/04/2019;06:15;-52.65729275,-63.92756524;0,57
1;24/04/2019;05:15;-52.65729275,-63.92756524;4,57
1;24/04/2019;20:15;-52.65729275,-63.92756524;2,57
1;24/04/2019;01:15;-52.65729275,-63.92756524;3,57
1;24/04/2019;07:15;-52.65729275,-63.92756524;1,57
1;24/04/2019;19:15;-52.65729275,-63.92756524;4,57
1;24/04/2019;02:15;-52.65729275,-63.92756524;4,30
1;24/04/2019;15:15;-52.65729275,-63.92756524;6,57
1;24/04/2019;10:15;-52.65729275,-63.92756524;6,57
1;24/04/2019;12:15;-52.65729275,-63.92756524;0,57
1;24/04/2019;03:15;-52.65729275,-63.92756524;2,78
1;24/04/2019;14:15;-52.65729275,-63.92756524;1,57
1;24/04/2019;04:15;-52.65729275,-63.92756524;0,57
1;24/04/2019;17:15;-52.65729275,-63.92756524;2,57
1;24/04/2019;21:15;-52.65729275,-63.92756524;3,57
1;24/04/2019;23:15;-52.65729275,-63.92756524;7,23
1;24/04/2019;11:15;-52.65729275,-63.92756524;2,57
1;24/04/2019;16:15;-52.65729275,-63.92756524;3,57
1;24/04/2019;00:15;-52.65729275,-63.92756524;0,57
1;24/04/2019;22:15;-52.65729275,-63.92756524;1,02
1;24/04/2019;09:15;-52.65729275,-63.92756524;9,20
1;24/04/2019;08:15;-52.65729275,-63.92756524;8,57
1;24/04/2019;18:15;-52.65729275,-63.92756524;2,57
1;24/04/2019;13:15;-52.65729275,-63.92756524;1,57
1;24/04/2019;06:15;-52.65729275,-63.92756524;8,00
1;24/04/2019;05:15;-52.65729275,-63.92756524;9,40
1;24/04/2019;20:15;-52.65729275,-63.92756524;6,57
1;24/04/2019;01:15;-52.65729275,-63.92756524;7,57
1;24/04/2019;07:15;-52.65729275,-63.92756524;3,57
1;24/04/2019;19:15;-52.65729275,-63.92756524;6,57
1;24/04/2019;02:15;-52.65729275,-63.92756524;2,57
1;24/04/2019;15:15;-52.65729275,-63.92756524;3,57
1;24/04/2019;10:15;-52.65729275,-63.92756524;8,57
1;24/04/2019;12:15;-52.65729275,-63.92756524;5,57
1;24/04/2019;03:15;-52.65729275,-63.92756524;5,57
1;24/04/2019;14:15;-52.65729275,-63.92756524;9,57
1;24/04/2019;04:15;-52.65729275,-63.92756524;0,57
1;24/04/2019;17:15;-52.65729275,-63.92756524;2,57
1;24/04/2019;21:15;-52.65729275,-63.92756524;6,57
1;24/04/2019;23:15;-52.65729275,-63.92756524;1,57
1;24/04/2019;11:15;-52.65729275,-63.92756524;2,57
1;24/04/2019;16:15;-52.65729275,-63.92756524;0,70
1;24/04/2019;00:15;-52.65729275,-63.92756524;0,57
1;24/04/2019;22:15;-52.65729275,-63.92756524;7,57